Variant=2b
x:
1.0000000 2.0000000 3.0000000 4.0000000 
A:
4.2000000 -7.2000000 -8.5000000 1.8000000 
5.1000000 -1.8000000 7.0000000 2.7000000 
5.7000000 6.9000000 7.2000000 -1.4000000 
-8.4000000 4.5000000 1.0000000 1.9000000 

b:
-28.5000000 33.3000000 35.5000000 11.2000000 
k= 1 m= 4
U:
1.0000000 -0.5357143 -0.1190476 -0.2261905 
0.0000000 0.9321429 7.6071429 3.8535714 
0.0000000 9.9535714 7.8785714 -0.1107143 
0.0000000 -4.9500000 -8.0000000 2.7500000 

L:
-8.4000000 0.0000000 0.0000000 0.0000000 
0.0000000 0.0000000 0.0000000 0.0000000 
0.0000000 0.0000000 0.0000000 0.0000000 
0.0000000 0.0000000 0.0000000 0.0000000 

k= 2 m= 3
U:
1.0000000 -0.5357143 -0.1190476 -0.2261905 
0.0000000 1.0000000 0.7915321 -0.0111231 
0.0000000 0.0000000 6.8693219 3.8639397 
0.0000000 0.0000000 -4.0819160 2.6949408 

L:
-8.4000000 0.0000000 0.0000000 0.0000000 
5.7000000 9.9535714 0.0000000 0.0000000 
0.0000000 0.0000000 0.0000000 0.0000000 
0.0000000 0.0000000 0.0000000 0.0000000 

k= 3 m= 3
U:
1.0000000 -0.5357143 -0.1190476 -0.2261905 
0.0000000 1.0000000 0.7915321 -0.0111231 
0.0000000 0.0000000 1.0000000 0.5624922 
0.0000000 0.0000000 0.0000000 4.9909866 

L:
-8.4000000 0.0000000 0.0000000 0.0000000 
5.7000000 9.9535714 0.0000000 0.0000000 
5.1000000 0.9321429 6.8693219 0.0000000 
0.0000000 0.0000000 0.0000000 0.0000000 

k= 4 m= 4
U:
1.0000000 -0.5357143 -0.1190476 -0.2261905 
0.0000000 1.0000000 0.7915321 -0.0111231 
0.0000000 0.0000000 1.0000000 0.5624922 
0.0000000 0.0000000 0.0000000 1.0000000 

L:
-8.4000000 0.0000000 0.0000000 0.0000000 
5.7000000 9.9535714 0.0000000 0.0000000 
5.1000000 0.9321429 6.8693219 0.0000000 
4.2000000 -4.9500000 -4.0819160 4.9909866 

Rank= 3
4 3 2 1 
L*U - P*A
0.00000000000000e+00 0.00000000000000e+00 0.00000000000000e+00 0.00000000000000e+00 
0.00000000000000e+00 0.00000000000000e+00 0.00000000000000e+00 0.00000000000000e+00 
0.00000000000000e+00 0.00000000000000e+00 0.00000000000000e+00 0.00000000000000e+00 
0.00000000000000e+00 0.00000000000000e+00 0.00000000000000e+00 2.22044604925031e-16 

Determinant=-2866.5432000
x:
1.0000000 2.0000000 3.0000000 4.0000000 
4.2000000 -7.2000000 -8.5000000 1.8000000 
5.1000000 -1.8000000 7.0000000 2.7000000 
5.7000000 6.9000000 7.2000000 -1.4000000 
-8.4000000 4.5000000 1.0000000 1.9000000 

0.0808863 0.0036661 0.0937035 -0.0127942 
0.0914356 -0.0608939 0.1516408 0.1116456 
-0.1127016 0.0786048 -0.0634088 -0.0516539 
0.2003612 0.1190594 0.0884916 0.2325145 

1.00000000000000e+00 -5.55111512312578e-17 -3.33066907387547e-16 5.55111512312578e-17 
0.00000000000000e+00 1.00000000000000e+00 -2.77555756156289e-17 0.00000000000000e+00 
-5.55111512312578e-17 5.55111512312578e-17 1.00000000000000e+00 0.00000000000000e+00 
5.55111512312578e-17 0.00000000000000e+00 2.77555756156289e-17 1.00000000000000e+00 

The condition number of the matrix A=
Norm-1: 13.8972609
Norm-2: 11.5036156
Norm-3: 6.4551768
A*x-b:
3.55271367880050e-15 0.00000000000000e+00 0.00000000000000e+00 -7.10542735760100e-15 
-28.50000000000000 33.30000000000000 35.50000000000000 11.19999999999999 
-28.50000000000000 33.30000000000000 35.50000000000000 11.20000000000000 
