Variant = 8b

x:
              1;
              2;
              3;
              4;

A:
            0.2;            4.1;            5.7;             -1;
           -4.6;           -7.8;           -7.8;           -3.8;
            9.6;            2.3;              6;            8.3;
           -1.6;           -5.2;           -1.2;            0.9;

b:
           21.5;
          -58.8;
           65.4;
            -12;

k = 1; m = 3;

U:
              1;       0.239583;          0.625;       0.864583;
              0;       -6.69792;         -4.925;       0.177083;
              0;        4.05208;          5.575;       -1.17292;
              0;       -4.81667;           -0.2;        2.28333;

L:
            9.6;              0;              0;              0;
           -4.6;              0;              0;              0;
            0.2;              0;              0;              0;
           -1.6;              0;              0;              0;

k = 2; m = 2;

U:
              1;       0.239583;          0.625;       0.864583;
              0;              1;       0.735303;     -0.0264386;
              0;              0;        2.59549;       -1.06579;
              0;              0;        3.34171;        2.15599;

L:
            9.6;              0;              0;              0;
           -4.6;       -6.69792;              0;              0;
            0.2;        4.05208;              0;              0;
           -1.6;       -4.81667;              0;              0;

k = 3; m = 4;

U:
              1;       0.239583;          0.625;       0.864583;
              0;              1;       0.735303;     -0.0264386;
              0;              0;              1;       0.645175;
              0;              0;              0;       -2.74033;

L:
            9.6;              0;              0;              0;
           -4.6;       -6.69792;              0;              0;
           -1.6;       -4.81667;        3.34171;              0;
            0.2;        4.05208;        2.59549;              0;

k = 4; m = 4;

U:
              1;       0.239583;          0.625;       0.864583;
              0;              1;       0.735303;     -0.0264386;
              0;              0;              1;       0.645175;
              0;              0;              0;              1;

L:
            9.6;              0;              0;              0;
           -4.6;       -6.69792;              0;              0;
           -1.6;       -4.81667;        3.34171;              0;
            0.2;        4.05208;        2.59549;       -2.74033;

P:
              3;
              2;
              4;
              1;

Rank = 4

L*U-P*A:
              0;              0;              0;              0;
              0;              0;              0;   -4.44089e-16;
              0;    8.88178e-16;   -2.22045e-16;   -1.11022e-16;
              0;              0;              0;    2.22045e-16;

Determinant = 588.8202

x:
              1;
              2;
              3;
              4;

A^(-1):
       0.231595;        0.37919;      -0.299083;       0.212143;
       -0.10682;      -0.203716;      -0.078085;      -0.182765;
      0.0426378;      0.0587378;       0.116385;       0.235437;
      -0.148609;      -0.424591;       0.283431;       -0.36492;

A*A^(-1):
              1;    4.44089e-16;              0;              0;
   -4.44089e-16;              1;              0;   -2.22045e-16;
   -2.77556e-17;    5.55112e-17;              1;    1.11022e-16;
    5.55112e-17;   -2.77556e-16;              0;              1;

Condition number of matrix A:
cond-1(A) = 32.00464046579923
cond-2(A) = 22.071074837446123
cond-3(A) = 16.843292922338893

A*x-b:
              0;
    7.10543e-15;
   -1.77636e-15;
   -3.55271e-15;

Relative error:
    4.44089e-15;
   -7.77156e-16;
     1.4803e-16;
   -9.99201e-16;
